time	marker	pupilArea	pupilDiam	pupilDiam_mm	centroid.x	centroid.y	rect.w	rect.h	huMoments[0]
0	0	11113	118.952	6.57192	281	82	132	109	0.162604
0.0333333	0	11113	118.952	6.57192	281	82	132	109	0.162604
0.0666667	0	11113	118.952	6.57192	281	82	132	109	0.162604
0.1	0	11150	119.15	6.58285	281	81	131	109	0.16235
0.133333	0	11150	119.15	6.58285	281	81	131	109	0.16235
0.166667	0	11150	119.15	6.58285	281	81	131	109	0.16235
0.2	0	11083	118.791	6.56304	281	82	131	109	0.162659
0.233333	0	11086	118.807	6.56393	281	82	131	109	0.162672
0.266667	0	11086	118.807	6.56393	281	82	131	109	0.162672
0.3	0	10605	116.201	6.41996	284	81	125	109	0.161494
0.333333	0	10605	116.201	6.41996	284	81	125	109	0.161494
0.366667	0	10605	116.201	6.41996	284	81	125	109	0.161494
0.4	0	11031	118.512	6.54763	280	82	132	106	0.162833
0.433333	0	11032	118.517	6.54793	280	82	132	106	0.162838
0.466667	0	11032	118.517	6.54793	280	82	132	106	0.162838
0.5	0	11052	118.625	6.55386	280	81	132	107	0.162656
0.533333	0	11049	118.609	6.55297	280	81	132	107	0.16266
0.566667	0	11049	118.609	6.55297	280	81	132	107	0.16266
0.6	0	10323	114.646	6.33402	285	82	125	106	0.161719
0.633333	0	10478	115.503	6.3814	284	81	125	106	0.1617
0.666667	0	10478	115.503	6.3814	284	81	125	106	0.1617
0.7	0	10599	116.168	6.41814	286	83	126	108	0.161471
0.733333	0	10600	116.174	6.41844	286	83	126	108	0.161475
0.766667	0	10600	116.174	6.41844	286	83	126	108	0.161475
0.8	0	11161	119.208	6.5861	283	83	132	107	0.162769
0.833333	0	11160	119.203	6.5858	283	83	132	107	0.162792
0.866667	0	11160	119.203	6.5858	283	83	132	107	0.162792
0.9	0	10961	118.135	6.52682	284	83	130	106	0.162344
0.933333	0	10961	118.135	6.52682	284	83	130	106	0.162344
0.966667	0	10961	118.135	6.52682	284	83	130	106	0.162344
1	0	11233	119.592	6.60731	281	83	132	108	0.162715
1.03333	0	11226	119.555	6.60525	281	83	132	108	0.162745
1.06667	0	11226	119.555	6.60525	281	83	132	108	0.162745
1.1	0	11317	120.039	6.63197	281	83	135	107	0.163256
1.13333	0	11328	120.097	6.63519	281	83	135	107	0.16319
1.16667	0	11328	120.097	6.63519	281	83	135	107	0.16319
1.2	0	11328	120.097	6.63519	281	83	135	107	0.16319
1.23333	0	11197	119.4	6.59671	281	83	135	107	0.163496
1.26667	0	11197	119.4	6.59671	281	83	135	107	0.163496
1.3	0	10882	117.709	6.50326	283	82	128	108	0.16193
1.33333	0	10883	117.714	6.50356	283	82	128	108	0.16193
1.36667	0	11373	120.335	6.64835	280	82	134	109	0.162876
1.4	0	11372	120.33	6.64806	280	82	134	109	0.162878
1.43333	0	11372	120.33	6.64806	280	82	134	109	0.162878
1.46667	0	11372	120.33	6.64806	280	82	134	109	0.162878
1.5	0	11376	120.351	6.64923	281	83	134	108	0.162873
1.53333	0	11377	120.356	6.64952	281	83	134	108	0.162871
1.56667	0	11377	120.356	6.64952	281	83	134	108	0.162871
1.6	0	11211	119.475	6.60083	281	82	134	107	0.163347
1.63333	0	11229	119.571	6.60613	281	82	134	107	0.163299
1.66667	0	11229	119.571	6.60613	281	82	134	107	0.163299
1.7	0	8036	nan	5.58852	283	92	0	0	0.183961
1.73333	0	8036	nan	5.58852	283	92	0	0	0.183961
1.76667	0	8036	nan	5.58852	283	92	0	0	0.183961
1.8	0	10302	114.529	6.32758	286	84	132	100	0.167927
1.83333	0	10302	114.529	6.32758	286	84	132	100	0.167927
1.86667	0	10302	114.529	6.32758	286	84	132	100	0.167927
1.9	0	11026	118.485	6.54615	284	82	133	105	0.164491
1.93333	0	11026	118.485	6.54615	284	82	133	105	0.164491
1.96667	0	11026	118.485	6.54615	284	82	133	105	0.164491
2	0	11197	119.4	6.59671	283	82	133	106	0.163714
2.03333	0	11197	119.4	6.59671	283	82	133	106	0.163714
2.06667	0	11197	119.4	6.59671	283	82	133	106	0.163714
2.1	0	81622	nan	17.8107	279	78	0	0	0.33844
2.13333	0	81622	nan	17.8107	279	78	0	0	0.33844
2.16667	0	67152	nan	16.155	315	79	0	0	0.370588
2.2	0	67152	nan	16.155	315	79	0	0	0.370588
2.23333	0	67152	nan	16.155	315	79	0	0	0.370588
2.26667	0	67152	nan	16.155	315	79	0	0	0.370588
2.3	0	10883	117.714	6.50356	284	84	134	106	0.164421
2.33333	0	10886	117.731	6.50445	284	84	134	106	0.164402
2.36667	0	10886	117.731	6.50445	284	84	134	106	0.164402
2.4	0	10833	117.444	6.4886	285	81	129	109	0.162609
2.43333	0	10837	117.465	6.4898	285	81	129	109	0.162587
2.46667	0	10837	117.465	6.4898	285	81	129	109	0.162587
2.5	0	11023	118.469	6.54526	284	81	132	108	0.163816
2.53333	0	11019	118.448	6.54407	284	81	132	108	0.163789
2.56667	0	11019	118.448	6.54407	284	81	132	108	0.163789
2.6	0	10977	118.222	6.53158	284	82	132	108	0.162838
2.63333	0	10977	118.222	6.53158	284	82	132	108	0.162838
2.66667	0	10977	118.222	6.53158	284	82	132	108	0.162838
2.7	0	11120	118.989	6.57399	283	81	132	107	0.162815
2.73333	0	11120	118.989	6.57399	283	81	132	107	0.162815
2.76667	0	11120	118.989	6.57399	283	81	132	107	0.162815
2.8	0	10971	118.189	6.5298	282	83	131	108	0.162825
2.83333	0	10970	118.184	6.5295	282	83	131	108	0.162821
2.86667	0	10970	118.184	6.5295	282	83	131	108	0.162821
2.9	0	11018	118.442	6.54377	281	83	131	106	0.162948
2.93333	0	11018	118.442	6.54377	281	83	131	106	0.162958
2.96667	0	11018	118.442	6.54377	281	83	131	106	0.162958
3	0	11067	118.705	6.55831	281	83	132	107	0.162935
3.03333	0	11068	118.711	6.5586	281	83	132	107	0.162929
3.06667	0	11068	118.711	6.5586	281	83	132	107	0.162929
3.1	0	11016	118.431	6.54318	281	83	132	105	0.163106
3.13333	0	11001	118.351	6.53872	281	83	131	105	0.163016
3.16667	0	11001	118.351	6.53872	281	83	131	105	0.163016
3.2	0	11125	119.016	6.57547	282	81	132	108	0.162759
3.23333	0	11124	119.011	6.57517	282	81	132	108	0.162769
3.26667	0	11176	119.288	6.59052	282	82	132	110	0.162344
3.3	0	11176	119.288	6.59052	282	82	132	110	0.162344
3.33333	0	11176	119.288	6.59052	282	82	132	110	0.162344
3.36667	0	11176	119.288	6.59052	282	82	132	110	0.162344
3.4	0	11261	119.741	6.61554	282	82	132	109	0.162463
3.43333	0	11263	119.752	6.61613	282	82	132	109	0.162452
3.46667	0	11263	119.752	6.61613	282	82	132	109	0.162452
3.5	0	11296	119.927	6.62581	282	81	132	110	0.162364
3.53333	0	11296	119.927	6.62581	282	81	132	110	0.162364
3.56667	0	11296	119.927	6.62581	282	81	132	110	0.162364
3.6	0	11029	118.501	6.54704	283	81	132	109	0.16301
3.63333	0	11028	118.496	6.54674	283	81	132	109	0.163005
3.66667	0	11028	118.496	6.54674	283	81	132	109	0.163005
3.7	0	11391	120.43	6.65361	282	81	133	110	0.16255
3.73333	0	11390	120.425	6.65332	282	81	133	110	0.162555
3.76667	0	11390	120.425	6.65332	282	81	133	110	0.162555
3.8	0	11393	120.441	6.6542	282	82	133	109	0.162539
3.83333	0	11390	120.425	6.65332	282	82	133	109	0.162549
3.86667	0	11390	120.425	6.65332	282	82	133	109	0.162549
3.9	0	11453	120.758	6.6717	282	81	133	110	0.162353
3.93333	0	11452	120.752	6.67141	282	81	133	110	0.162356
3.96667	0	11452	120.752	6.67141	282	81	133	110	0.162356
4	0	11479	120.895	6.67927	282	82	133	111	0.16234
4.03333	0	11479	120.895	6.67927	282	82	133	111	0.16234
4.06667	0	11479	120.895	6.67927	282	82	133	111	0.16234
4.1	0	11515	121.084	6.68973	282	82	135	110	0.16279
4.13333	0	11515	121.084	6.68973	282	82	135	110	0.16279
4.16667	0	11515	121.084	6.68973	282	82	135	110	0.16279
4.2	0	11475	120.874	6.6781	282	82	133	109	0.162601
4.23333	0	11475	120.874	6.6781	282	82	133	109	0.162599
4.26667	0	11475	120.874	6.6781	282	82	133	109	0.162599
4.3	0	11572	121.383	6.70627	287	84	136	110	0.162895
4.33333	0	11574	121.394	6.70685	287	84	136	110	0.162895
4.36667	0	11574	121.394	6.70685	287	84	136	110	0.162895
4.4	0	11555	121.294	6.70134	287	84	137	110	0.163045
4.43333	0	11556	121.299	6.70163	287	84	137	110	0.163044
4.46667	0	11556	121.299	6.70163	287	84	137	110	0.163044
4.5	0	11444	120.71	6.66907	288	84	136	108	0.163442
4.53333	0	11445	120.716	6.66937	289	84	136	108	0.163456
4.56667	0	11445	120.716	6.66937	289	84	136	108	0.163456
4.6	0	11453	120.758	6.6717	290	86	135	110	0.163227
4.63333	0	11450	120.742	6.67082	290	86	136	110	0.163433
4.66667	0	11450	120.742	6.67082	290	86	136	110	0.163433
4.7	0	11562	121.331	6.70337	290	85	138	110	0.163302
4.73333	0	11549	121.263	6.6996	290	85	137	110	0.163197
4.76667	0	11521	121.116	6.69147	290	85	136	110	0.163031
4.8	0	11626	121.666	6.7219	291	86	136	111	0.1631
4.83333	0	11625	121.661	6.72161	291	86	136	111	0.163088
4.86667	0	11677	121.933	6.73662	291	86	138	111	0.163325
4.9	0	11699	122.048	6.74297	290	86	138	111	0.163056
4.93333	0	11686	121.98	6.73922	290	86	138	111	0.163125
4.96667	0	11686	121.98	6.73922	290	86	138	111	0.163125
5	0	11628	121.677	6.72247	290	86	138	110	0.163169
5.03333	0	11620	121.635	6.72016	290	86	138	110	0.163209
5.06667	0	11620	121.635	6.72016	290	86	138	110	0.163209
5.1	0	11612	121.593	6.71785	291	85	137	111	0.163741
5.13333	0	11613	121.598	6.71814	291	85	137	111	0.163743
5.16667	0	11562	121.331	6.70337	291	86	135	111	0.162986
5.2	0	11518	121.1	6.6906	291	86	135	110	0.163236
5.23333	0	11518	121.1	6.6906	291	86	135	110	0.163236
5.26667	0	11518	121.1	6.6906	291	86	135	110	0.163236
5.3	0	11530	121.163	6.69409	291	85	137	111	0.163553
5.33333	0	11544	121.237	6.69815	291	85	138	111	0.163684
5.36667	0	11544	121.237	6.69815	291	85	138	111	0.163684
5.4	0	11574	121.394	6.70685	291	85	137	109	0.163368
5.43333	0	11574	121.394	6.70685	291	85	137	109	0.163368
5.46667	0	11555	121.294	6.70134	291	84	136	109	0.163108
5.5	0	11599	121.525	6.71409	291	84	137	109	0.163229
5.53333	0	11599	121.525	6.71409	291	84	137	109	0.163229
5.56667	0	11585	121.452	6.71003	291	85	137	110	0.163321
5.6	0	11576	121.404	6.70743	291	85	137	110	0.163248
5.63333	0	11576	121.404	6.70743	291	85	137	110	0.163248
5.66667	0	11576	121.404	6.70743	291	85	137	110	0.163248
5.7	0	11343	120.176	6.63958	279	78	132	109	0.162226
5.73333	0	11351	120.219	6.64192	279	78	132	109	0.16227
5.76667	0	11240	119.63	6.60937	280	79	131	110	0.161707
5.8	0	11419	120.578	6.66179	281	79	134	110	0.16234
5.83333	0	11419	120.578	6.66179	281	79	134	110	0.16234
5.86667	0	11581	121.431	6.70887	282	79	135	111	0.162531
5.9	0	11581	121.431	6.70887	282	79	135	111	0.162531
5.93333	0	11581	121.431	6.70887	282	79	135	111	0.162531
5.96667	0	11632	121.698	6.72363	282	79	135	110	0.162551
6	0	11631	121.692	6.72334	282	79	135	110	0.162546
6.03333	0	11631	121.692	6.72334	282	79	135	110	0.162546
6.06667	0	11631	121.692	6.72334	282	79	135	110	0.162546
6.1	0	11632	121.698	6.72363	282	79	135	110	0.162459
6.13333	0	11616	121.614	6.71901	282	79	135	110	0.162554
6.16667	0	11616	121.614	6.71901	282	79	135	110	0.162554
6.2	0	11629	121.682	6.72276	282	79	136	109	0.162811
6.23333	0	11631	121.692	6.72334	282	79	136	109	0.162812
6.26667	0	11631	121.692	6.72334	282	79	136	109	0.162812
6.3	0	11796	122.553	6.77086	290	79	138	110	0.163117
6.33333	0	11797	122.558	6.77115	290	79	138	110	0.163123
6.36667	0	11797	122.558	6.77115	290	79	138	110	0.163123
6.4	0	11688	121.99	6.7398	290	79	138	110	0.163266
6.43333	0	11687	121.985	6.73951	290	79	138	110	0.163266
6.46667	0	11687	121.985	6.73951	290	79	138	110	0.163266
6.5	0	11499	121	6.68508	291	79	136	110	0.164147
6.53333	0	11513	121.074	6.68915	291	79	136	110	0.164105
6.56667	0	11693	122.016	6.74124	289	78	136	111	0.162952
6.6	0	11693	122.016	6.74124	289	78	136	111	0.162952
6.63333	0	11693	122.016	6.74124	289	78	136	111	0.162952
6.66667	0	11693	122.016	6.74124	289	78	136	111	0.162952
6.7	0	11534	121.184	6.69525	289	78	136	110	0.162992
6.73333	0	11534	121.184	6.69525	289	78	136	110	0.162992
6.76667	0	11534	121.184	6.69525	289	78	136	110	0.162992
6.8	0	11476	120.879	6.67839	288	75	134	109	0.162736
6.83333	0	11476	120.879	6.67839	288	75	134	109	0.162736
6.86667	0	11476	120.879	6.67839	288	75	134	109	0.162736
6.9	0	11438	120.679	6.66733	288	76	134	109	0.162825
6.93333	0	11437	120.673	6.66703	288	76	134	109	0.162827
6.96667	0	11489	120.947	6.68217	288	75	134	110	0.162667
7	0	11491	120.958	6.68276	288	75	134	110	0.162673
7.03333	0	11491	120.958	6.68276	288	75	134	110	0.162673
7.06667	0	11393	120.441	6.6542	288	77	134	108	0.162948
7.1	0	11389	120.42	6.65303	288	77	134	108	0.162957
7.13333	0	11389	120.42	6.65303	288	77	134	108	0.162957
7.16667	0	11354	120.235	6.6428	289	79	134	109	0.16303
7.2	0	11296	119.927	6.62581	289	79	134	109	0.162853
7.23333	0	11296	119.927	6.62581	289	79	134	109	0.162853
7.26667	0	11296	119.927	6.62581	289	79	134	109	0.162853
7.3	1	11414	120.552	6.66033	289	80	134	108	0.163055
7.33333	1	11414	120.552	6.66033	289	80	134	108	0.163055
7.36667	1	11414	120.552	6.66033	289	80	134	108	0.163055
7.4	1	11366	120.298	6.64631	289	80	133	110	0.162945
7.43333	1	11366	120.298	6.64631	289	80	133	110	0.162945
7.46667	1	11366	120.298	6.64631	289	80	133	110	0.162945
7.5	1	11397	120.462	6.65537	289	80	133	109	0.162918
7.53333	1	11396	120.457	6.65507	289	80	133	109	0.162921
7.56667	1	11396	120.457	6.65507	289	80	133	109	0.162921
7.6	1	11017	118.437	6.54347	289	81	131	108	0.162735
7.63333	1	11017	118.437	6.54347	289	81	131	108	0.162735
7.66667	0	11017	118.437	6.54347	289	81	131	108	0.162735
7.7	0	9708	111.178	6.14245	289	81	122	103	0.162417
7.73333	0	9708	111.178	6.14245	289	81	122	103	0.162417
7.76667	0	9708	111.178	6.14245	289	81	122	103	0.162417
7.8	0	8285	102.707	5.67444	289	81	114	92	0.163107
7.83333	0	8285	102.707	5.67444	289	81	114	92	0.163107
7.86667	0	8285	102.707	5.67444	289	81	114	92	0.163107
7.9	0	7202	95.7595	5.29058	289	82	106	85	0.16327
7.93333	0	7204	95.7728	5.29131	289	82	106	85	0.163258
7.96667	0	7204	95.7728	5.29131	289	82	106	85	0.163258
8	0	6349	89.91	4.9674	289	82	99	79	0.163353
8.03333	0	6349	89.91	4.9674	289	82	99	79	0.163353
8.06667	0	6349	89.91	4.9674	289	82	99	79	0.163353
8.1	0	5746	85.5339	4.72563	288	82	94	77	0.162794
8.13333	0	5748	85.5487	4.72645	288	82	94	77	0.162801
8.16667	0	5748	85.5487	4.72645	288	82	94	77	0.162801
8.2	0	5208	81.4312	4.49896	288	82	89	72	0.162814
8.23333	0	5208	81.4312	4.49896	288	82	89	72	0.162814
8.26667	0	5208	81.4312	4.49896	288	82	89	72	0.162814
8.3	0	4801	78.1846	4.31959	281	82	86	71	0.162313
8.33333	0	4801	78.1846	4.31959	281	82	86	71	0.162313
8.36667	0	4801	78.1846	4.31959	281	82	86	71	0.162313
8.4	0	4435	75.1453	4.15168	281	82	82	67	0.162538
8.43333	0	4436	75.1538	4.15214	281	82	82	67	0.162549
8.46667	0	4436	75.1538	4.15214	281	82	82	67	0.162549
8.5	0	4170	72.8657	4.02573	281	81	81	64	0.16317
8.53333	0	4169	72.857	4.02525	281	81	81	64	0.163165
8.56667	0	4169	72.857	4.02525	281	81	81	64	0.163165
8.6	0	4010	71.4541	3.94774	282	81	79	64	0.162798
8.63333	0	4010	71.4541	3.94774	282	81	79	64	0.162798
8.66667	0	4010	71.4541	3.94774	282	81	79	64	0.162798
8.7	0	3805	69.6037	3.84551	280	81	75	63	0.162021
8.73333	0	3805	69.6037	3.84551	280	81	75	63	0.162021
8.76667	0	3805	69.6037	3.84551	280	81	75	63	0.162021
8.8	0	3752	69.1173	3.81863	280	80	75	63	0.162109
8.83333	0	3748	69.0804	3.8166	280	80	75	63	0.162136
8.86667	0	3748	69.0804	3.8166	280	80	75	63	0.162136
8.9	0	3627	67.9562	3.75449	280	80	74	61	0.162511
8.93333	0	3627	67.9562	3.75449	280	80	74	61	0.162511
8.96667	0	3627	67.9562	3.75449	280	80	74	61	0.162511
9	0	3625	67.9375	3.75345	281	80	74	61	0.162652
9.03333	0	3625	67.9375	3.75345	281	80	74	61	0.162652
9.06667	0	3625	67.9375	3.75345	281	80	74	61	0.162652
9.1	0	3679	68.4416	3.7813	281	80	75	61	0.162848
9.13333	0	3679	68.4416	3.7813	281	80	75	61	0.162848
9.16667	0	3679	68.4416	3.7813	281	80	75	61	0.162848
9.2	0	3869	70.1867	3.87772	281	79	76	63	0.162194
9.23333	0	3869	70.1867	3.87772	281	79	76	63	0.162194
9.26667	0	3869	70.1867	3.87772	281	79	76	63	0.162194
9.3	0	4120	72.4276	4.00152	281	79	79	66	0.162264
9.33333	0	4120	72.4276	4.00152	281	79	79	66	0.162264
9.36667	0	4120	72.4276	4.00152	281	79	79	66	0.162264
9.4	0	4308	74.0616	4.0918	281	79	81	67	0.162389
9.43333	0	4308	74.0616	4.0918	281	79	81	67	0.162389
9.46667	0	4308	74.0616	4.0918	281	79	81	67	0.162389
9.5	0	4505	75.736	4.18431	280	80	84	68	0.162791
9.53333	0	4505	75.736	4.18431	280	80	84	68	0.162791
9.56667	0	4505	75.736	4.18431	280	80	84	68	0.162791
9.6	0	4663	77.0527	4.25706	280	81	85	69	0.163092
9.63333	0	4662	77.0445	4.2566	280	81	85	69	0.163095
9.66667	0	4662	77.0445	4.2566	280	81	85	69	0.163095
9.7	0	4879	78.8171	4.35454	281	81	86	70	0.162613
9.73333	0	4881	78.8333	4.35543	281	81	86	70	0.162611
9.76667	0	4881	78.8333	4.35543	281	81	86	70	0.162611
9.8	0	5110	80.6614	4.45643	281	81	88	72	0.162711
9.83333	0	5110	80.6614	4.45643	281	81	88	72	0.162711
9.86667	0	5110	80.6614	4.45643	281	81	88	72	0.162711
9.9	0	5302	82.1628	4.53938	281	81	90	74	0.163037
9.93333	0	5302	82.1628	4.53938	281	81	90	74	0.163037
9.96667	0	5302	82.1628	4.53938	281	81	90	74	0.163037
10	0	5504	83.7133	4.62504	282	80	92	74	0.162993
10.0333	0	5504	83.7133	4.62504	282	80	92	74	0.162993
10.0667	0	5504	83.7133	4.62504	282	80	92	74	0.162993
10.1	0	5669	84.9588	4.69386	281	80	94	76	0.163051
10.1333	0	5669	84.9588	4.69386	281	80	94	76	0.163051
10.1667	0	5762	85.6529	4.7322	281	80	94	77	0.162555
10.2	0	5832	86.1716	4.76086	281	80	95	77	0.162885
10.2333	0	5832	86.1716	4.76086	281	80	95	77	0.162885
10.2667	0	5832	86.1716	4.76086	281	80	95	77	0.162885
10.3	0	6000	87.4039	4.82895	281	81	96	79	0.162598
10.3333	0	6000	87.4039	4.82895	281	81	96	79	0.162598
10.3667	0	6000	87.4039	4.82895	281	81	96	79	0.162598
10.4	0	6178	88.6909	4.90005	281	81	97	81	0.162581
10.4333	0	6176	88.6766	4.89926	281	81	97	81	0.162561
10.4667	0	6176	88.6766	4.89926	281	81	97	81	0.162561
10.5	0	6324	89.7328	4.95761	282	81	99	82	0.162735
10.5333	0	6323	89.7257	4.95722	282	81	99	82	0.162721
10.5667	0	6323	89.7257	4.95722	282	81	99	82	0.162721
10.6	0	6388	90.1857	4.98264	282	81	100	81	0.16313
10.6333	0	6388	90.1857	4.98264	282	81	100	81	0.16313
10.6667	0	6388	90.1857	4.98264	282	81	100	81	0.16313
10.7	0	6483	90.8538	5.01955	282	80	101	81	0.163229
10.7333	0	6482	90.8468	5.01916	282	80	101	81	0.163239
10.7667	0	6482	90.8468	5.01916	282	80	101	81	0.163239
10.8	0	6580	91.531	5.05696	282	80	102	81	0.163565
10.8333	0	6579	91.524	5.05658	282	80	102	81	0.163556
10.8667	0	6579	91.524	5.05658	282	80	102	81	0.163556
10.9	0	6705	92.3963	5.10477	282	81	103	82	0.16344
10.9333	0	6706	92.4032	5.10515	282	81	103	82	0.163434
10.9667	0	6706	92.4032	5.10515	282	81	103	82	0.163434
11	0	6529	91.1756	5.03733	284	79	103	84	0.17149
11.0333	0	6531	91.1896	5.0381	284	79	103	84	0.171489
11.0667	0	6531	91.1896	5.0381	284	79	103	84	0.171489
11.1	0	7039	94.6696	5.23037	282	80	106	85	0.163124
11.1333	0	7039	94.6696	5.23037	282	80	106	85	0.163124
11.1667	0	7039	94.6696	5.23037	282	80	106	85	0.163124
11.2	0	7080	94.945	5.24558	282	80	106	86	0.163303
11.2333	0	7080	94.945	5.24558	282	80	106	86	0.163303
11.2667	0	7080	94.945	5.24558	282	80	106	86	0.163303
11.3	0	7246	96.0516	5.30672	281	80	107	85	0.163237
11.3333	0	7247	96.0582	5.30708	281	80	107	85	0.163234
11.3667	0	7247	96.0582	5.30708	281	80	107	85	0.163234
11.4	0	7394	97.0275	5.36064	281	80	107	88	0.162918
11.4333	0	7393	97.021	5.36027	281	80	107	88	0.162924
11.4667	0	7393	97.021	5.36027	281	80	107	88	0.162924
11.5	0	7456	97.4335	5.38306	281	80	107	86	0.1631
11.5333	0	7459	97.4531	5.38415	281	80	107	86	0.163101
11.5667	0	7459	97.4531	5.38415	281	80	107	86	0.163101
11.6	0	7533	97.9353	5.41079	282	80	108	86	0.163363
11.6333	0	7533	97.9353	5.41079	282	80	108	86	0.163363
11.6667	0	7533	97.9353	5.41079	282	80	108	86	0.163363
11.7	0	7589	98.2986	5.43086	282	81	108	86	0.163195
11.7333	0	7589	98.2986	5.43086	282	81	108	86	0.163195
11.7667	0	7589	98.2986	5.43086	282	81	108	86	0.163195
11.8	0	7650	98.6929	5.45265	282	80	110	87	0.163409
11.8333	0	7650	98.6929	5.45265	282	80	110	87	0.163409
11.8667	0	7650	98.6929	5.45265	282	80	110	87	0.163409
11.9	0	7704	99.0406	5.47186	282	80	109	88	0.163124
11.9333	0	7702	99.0278	5.47115	282	80	109	88	0.163127
11.9667	0	7702	99.0278	5.47115	282	80	109	88	0.163127
12	0	7789	99.5855	5.50196	282	80	111	88	0.163379
12.0333	0	7789	99.5855	5.50196	282	80	111	88	0.163379
12.0667	0	7854	100	5.52487	282	80	110	88	0.163238
12.1	0	7856	100.013	5.52557	282	80	110	88	0.163255
12.1333	0	7856	100.013	5.52557	282	80	110	88	0.163255
12.1667	0	7982	100.812	5.56971	282	80	112	89	0.163336
12.2	0	7986	100.837	5.5711	282	80	112	89	0.163361
12.2333	0	7986	100.837	5.5711	282	80	112	89	0.163361
12.2667	0	7986	100.837	5.5711	282	80	112	89	0.163361
12.3	0	8041	101.184	5.59026	282	80	112	90	0.163222
12.3333	0	8040	101.177	5.58991	282	80	112	90	0.163224
12.3667	0	8040	101.177	5.58991	282	80	112	90	0.163224
12.4	0	8115	101.648	5.61592	281	80	114	90	0.163279
12.4333	0	8117	101.661	5.61661	281	80	114	90	0.163285
12.4667	0	8137	101.786	5.62353	281	80	112	90	0.163039
12.5	0	8137	101.786	5.62353	281	80	112	90	0.163039
12.5333	0	8137	101.786	5.62353	281	80	112	90	0.163039
12.5667	0	8137	101.786	5.62353	281	80	112	90	0.163039
12.6	0	8194	102.142	5.64319	282	79	113	91	0.163208
12.6333	0	8193	102.136	5.64285	282	79	113	91	0.163203
12.6667	0	8193	102.136	5.64285	282	79	113	91	0.163203
12.7	0	8245	102.459	5.66072	282	79	115	89	0.163669
12.7333	0	8239	102.422	5.65866	282	79	115	89	0.163684
12.7667	0	8239	102.422	5.65866	282	79	115	89	0.163684
12.8	0	8279	102.67	5.67238	282	80	113	90	0.163246
12.8333	0	8279	102.67	5.67238	282	80	113	90	0.163246
12.8667	0	8279	102.67	5.67238	282	80	113	90	0.163246
12.9	0	8383	103.313	5.7079	282	80	115	91	0.163376
12.9333	0	8383	103.313	5.7079	282	80	115	91	0.163376
12.9667	0	8383	103.313	5.7079	282	80	115	91	0.163376
13	0	8436	103.639	5.72592	282	80	115	91	0.163218
13.0333	0	8436	103.639	5.72592	282	80	115	91	0.163218
13.0667	0	8436	103.639	5.72592	282	80	115	91	0.163218
13.1	0	8428	103.59	5.7232	281	80	115	92	0.163103
13.1333	0	8427	103.584	5.72286	281	80	115	92	0.163113
13.1667	0	8546	104.313	5.76313	282	80	115	93	0.162963
13.2	0	8546	104.313	5.76313	282	80	115	93	0.162963
13.2333	0	8546	104.313	5.76313	282	80	115	93	0.162963
13.2667	0	8546	104.313	5.76313	282	80	115	93	0.162963
13.3	0	8609	104.696	5.78433	282	81	117	93	0.162938
13.3333	0	8610	104.702	5.78467	282	81	117	93	0.162932
13.3667	0	8610	104.702	5.78467	282	81	117	93	0.162932
13.4	0	8537	104.258	5.76009	281	81	116	94	0.163011
13.4333	0	8536	104.252	5.75975	281	81	116	94	0.163012
13.4667	0	8536	104.252	5.75975	281	81	116	94	0.163012
13.5	0	8573	104.477	5.77222	281	80	116	93	0.162961
13.5333	0	8572	104.471	5.77189	281	80	116	93	0.16296
13.5667	0	8592	104.593	5.77862	281	81	115	93	0.163
13.6	0	8592	104.593	5.77862	281	81	115	93	0.163
13.6333	0	8592	104.593	5.77862	281	81	115	93	0.163
13.6667	0	8592	104.593	5.77862	281	81	115	93	0.163
13.7	0	8607	104.684	5.78366	281	81	115	92	0.163034
13.7333	0	8607	104.684	5.78366	281	81	115	92	0.163034
13.7667	0	8607	104.684	5.78366	281	81	115	92	0.163034
13.8	0	8693	105.206	5.81248	280	81	117	93	0.163286
13.8333	0	8693	105.206	5.81248	280	81	117	93	0.163286
13.8667	0	8693	105.206	5.81248	280	81	117	93	0.163286
13.9	0	8749	105.544	5.83117	280	81	117	93	0.163278
13.9333	0	8749	105.544	5.83117	280	81	117	93	0.163278
13.9667	0	8749	105.544	5.83117	280	81	117	93	0.163278
14	0	8734	105.454	5.82617	280	81	117	93	0.163187
14.0333	0	8734	105.454	5.82617	280	81	117	93	0.163187
14.0667	0	8734	105.454	5.82617	280	81	117	93	0.163187
14.1	0	8730	105.43	5.82484	281	81	117	93	0.163359
14.1333	0	8731	105.436	5.82517	281	81	117	93	0.163361
14.1667	0	8731	105.436	5.82517	281	81	117	93	0.163361
14.2	0	8780	105.731	5.84149	281	81	117	93	0.163148
14.2333	0	8780	105.731	5.84149	281	81	117	93	0.163148
14.2667	0	8780	105.731	5.84149	281	81	117	93	0.163148
14.3	0	8829	106.026	5.85777	282	81	118	93	0.163356
14.3333	0	8829	106.026	5.85777	282	81	118	93	0.163356
14.3667	0	8829	106.026	5.85777	282	81	118	93	0.163356
14.4	0	8889	106.385	5.87764	281	81	118	94	0.163383
14.4333	0	8889	106.385	5.87764	281	81	118	94	0.163383
14.4667	0	8889	106.385	5.87764	281	81	118	94	0.163383
14.5	0	8889	106.385	5.87764	281	81	118	93	0.163519
14.5333	0	8889	106.385	5.87764	281	81	118	93	0.163519
14.5667	0	8889	106.385	5.87764	281	81	118	93	0.163519
14.6	0	8921	106.577	5.88821	281	81	119	94	0.163613
14.6333	0	8921	106.577	5.88821	281	81	119	94	0.163613
14.6667	0	8921	106.577	5.88821	281	81	119	94	0.163613
14.7	0	8984	106.952	5.90897	281	82	119	94	0.163572
14.7333	0	8984	106.952	5.90897	281	82	119	94	0.163572
14.7667	0	8984	106.952	5.90897	281	82	119	94	0.163572
14.8	0	9012	107.119	5.91817	282	81	120	94	0.163507
14.8333	0	9012	107.119	5.91817	282	81	120	94	0.163507
14.8667	0	9012	107.119	5.91817	282	81	120	94	0.163507
14.9	0	9015	107.137	5.91915	282	81	118	95	0.163267
14.9333	0	9015	107.137	5.91915	282	81	118	95	0.163267
14.9667	0	9015	107.137	5.91915	282	81	118	95	0.163267
15	0	9066	107.439	5.93587	282	81	120	95	0.163442
15.0333	0	9066	107.439	5.93587	282	81	120	95	0.163442
15.0667	0	9066	107.439	5.93587	282	81	120	95	0.163442
15.1	0	9088	107.57	5.94307	281	81	120	94	0.163518
15.1333	0	9089	107.575	5.9434	281	81	120	94	0.163509
15.1667	0	9089	107.575	5.9434	281	81	120	94	0.163509
15.2	0	9246	108.501	5.99451	282	81	121	97	0.163219
15.2333	0	9247	108.506	5.99483	282	81	121	97	0.163226
15.2667	0	9247	108.506	5.99483	282	81	121	97	0.163226
15.3	0	9267	108.624	6.00131	282	81	121	98	0.163072
15.3333	0	9269	108.635	6.00196	282	81	121	98	0.163062
15.3667	0	9269	108.635	6.00196	282	81	121	98	0.163062
15.4	0	9317	108.916	6.01748	282	82	120	98	0.162678
15.4333	0	9318	108.922	6.0178	282	82	120	98	0.162674
15.4667	0	9318	108.922	6.0178	282	82	120	98	0.162674
15.5	0	9320	108.934	6.01845	282	82	121	98	0.162879
15.5333	0	9319	108.928	6.01813	282	82	121	98	0.162878
15.5667	0	9319	108.928	6.01813	282	82	121	98	0.162878
15.6	0	9351	109.115	6.02845	281	82	120	97	0.162636
15.6333	0	9351	109.115	6.02845	281	82	120	97	0.162636
15.6667	0	9351	109.115	6.02845	281	82	120	97	0.162636
15.7	0	9109	107.694	5.94993	283	83	117	98	0.161844
15.7333	0	9109	107.694	5.94993	283	83	117	98	0.161844
15.7667	0	9109	107.694	5.94993	283	83	117	98	0.161844
15.8	0	9109	107.694	5.94993	283	83	117	98	0.161844
15.8333	0	9339	109.045	6.02458	282	82	120	98	0.163108
15.8667	0	9342	109.062	6.02555	282	82	120	98	0.1631
15.9	0	9310	108.875	6.01522	283	82	121	100	0.161829
15.9333	0	9313	108.893	6.01619	283	82	121	100	0.161832
15.9667	0	9313	108.893	6.01619	283	82	121	100	0.161832
16	0	9313	108.893	6.01619	283	82	121	100	0.161832
16.0333	0	9198	108.219	5.97893	284	83	119	100	0.162092
16.0667	0	9207	108.272	5.98185	284	83	119	100	0.162131
16.1	0	9465	109.778	6.06509	282	82	122	98	0.162929
16.1333	0	9465	109.778	6.06509	282	82	122	98	0.162929
16.1667	0	9465	109.778	6.06509	282	82	122	98	0.162929
16.2	0	9465	109.778	6.06509	282	82	122	98	0.162929
16.2333	0	9560	110.328	6.09545	282	82	122	99	0.162662
16.2667	0	9560	110.328	6.09545	282	82	122	99	0.162662
16.3	0	9560	110.328	6.09545	282	82	122	99	0.162662
16.3333	0	9614	110.639	6.11264	282	82	124	98	0.163082
16.3667	0	9615	110.645	6.11296	282	82	124	98	0.163064
16.4	0	9615	110.645	6.11296	282	82	124	98	0.163064
16.4333	0	9458	109.737	6.06284	283	83	121	101	0.162113
16.4667	0	9444	109.656	6.05835	283	83	121	100	0.162194
16.5	0	9444	109.656	6.05835	283	83	121	100	0.162194
16.5333	0	9263	108.6	6.00002	284	83	116	100	0.161162
16.5667	0	9263	108.6	6.00002	284	83	116	100	0.161162
16.6	0	9263	108.6	6.00002	284	83	116	100	0.161162
16.6333	0	9710	111.19	6.14308	282	83	124	102	0.162701
16.6667	0	9709	111.184	6.14277	282	83	124	102	0.162707
16.7	0	9709	111.184	6.14277	282	83	124	102	0.162707
16.7333	0	9678	111.006	6.13295	282	83	124	100	0.163062
16.7667	0	9678	111.006	6.13295	282	83	124	100	0.163062
16.8	0	9678	111.006	6.13295	282	83	124	100	0.163062
16.8333	0	9869	112.096	6.19317	282	82	125	103	0.162578
16.8667	0	9869	112.096	6.19317	282	82	125	103	0.162578
16.9	0	9869	112.096	6.19317	282	82	125	103	0.162578
16.9333	0	9836	111.909	6.18281	282	83	125	101	0.162911
16.9667	0	9817	111.801	6.17684	282	83	125	100	0.163032
17	0	9817	111.801	6.17684	282	83	125	100	0.163032
17.0333	0	9882	112.17	6.19725	282	83	126	102	0.162883
17.0667	0	9883	112.176	6.19756	282	83	126	102	0.162877
17.1	0	9883	112.176	6.19756	282	83	126	102	0.162877
17.1333	0	9753	111.436	6.15667	281	81	125	101	0.165856
17.1667	0	9820	111.818	6.17778	281	81	125	101	0.164152
17.2	0	9820	111.818	6.17778	281	81	125	101	0.164152
17.2333	0	9691	111.081	6.13707	284	83	120	104	0.162268
17.2667	0	9691	111.081	6.13707	284	83	120	104	0.162268
